 -0.3618   0.0028   0.0041   0.0022   0.0007  -0.0037  -0.0457   0.0017  -0.0007  -0.0005  -0.0044   0.0006   0.0006   0.0016  -0.0118   0.0004  -0.0005  -0.0007   0.0012   0.0008  -0.0002   0.0016   0.0073   0.0054   0.0047   0.0024   0.0072  -0.0011  -0.0299  -0.0256   1.1960  -0.0347   0.2885 
  0.0107  -0.2741   0.0037   0.0025   0.0008   0.0008   0.0057   0.0017   0.0027   0.0021   0.0013   0.0009   0.0071   0.0026   0.0039   0.0017   0.0026   0.0007   0.0015  -0.0203   0.0033  -0.0019   0.0094   0.0030   0.0053   0.0026   0.0145   0.0211   0.0043   0.0052   0.6673  -0.0178   0.1151 
  0.0097   0.0025  -0.3833   0.0012   0.0001   0.0012   0.0042   0.0017   0.0019   0.0016   0.0010   0.0014   0.0066   0.0023   0.0091   0.0007   0.0017   0.0006   0.0004  -0.0046   0.0017  -0.0118   0.0070   0.0052   0.0049   0.0026  -0.0488   0.0131  -0.0042  -0.0087   0.9673  -0.0269   0.2497 
  0.0086   0.0026   0.0028  -0.1131   0.0000  -0.0023   0.0024   0.0017   0.0018   0.0004   0.0002   0.0009   0.0066   0.0017   0.0099  -0.0003   0.0035   0.0002   0.0010  -0.0015   0.0057   0.0164   0.0104   0.0058   0.0100   0.0024  -0.0448  -0.0093  -0.0222  -0.0029   1.7031  -0.0488   0.1136 
  0.0110   0.0029   0.0038   0.0023  -0.0732   0.0001   0.0058   0.0017   0.0028   0.0020   0.0015   0.0019   0.0073   0.0024   0.0108   0.0019   0.0033   0.0007   0.0008   0.0008   0.0048  -0.0068   0.0077   0.0062   0.0036   0.0027   0.0139   0.0154   0.0063   0.0128  -0.2023   0.0070  -0.0434 
  0.0106   0.0029   0.0044   0.0030   0.0008  -0.0517   0.0059   0.0017   0.0028   0.0020  -0.0004   0.0019   0.0072   0.0025   0.0121   0.0027   0.0037   0.0007   0.0000   0.0010   0.0016   0.0035   0.0087   0.0079   0.0052   0.0026   0.0154   0.0146   0.0081   0.0134  -0.2811   0.0091  -0.0593 
 -0.0049   0.0029   0.0043   0.0027   0.0009   0.0018  -0.0233   0.0017   0.0027   0.0020   0.0014   0.0018   0.0053   0.0023   0.0109   0.0028   0.0032   0.0006   0.0020   0.0015   0.0034  -0.0013   0.0077   0.0060   0.0023   0.0026   0.0157   0.0143   0.0070   0.0134  -0.4782   0.0130  -0.0845 
 -0.0431   0.0028   0.0036   0.0030   0.0008  -0.0013  -0.0035  -0.1665   0.0015   0.0009   0.0001   0.0012  -0.0021  -0.0009   0.0020   0.0021   0.0001   0.0003   0.0019   0.0005   0.0036   0.0044   0.0085   0.0048   0.0044   0.0024   0.0048  -0.0075  -0.0114  -0.0917   1.1116  -0.0323   0.1713 
  0.0029   0.0028   0.0041   0.0026   0.0009   0.0017   0.0042   0.0017  -0.1623  -0.0215   0.0012  -0.0009   0.0057   0.0021  -0.0148   0.0025   0.0012  -0.0008   0.0018   0.0014   0.0050   0.0003   0.0087   0.0056   0.0035   0.0013   0.0130   0.0116   0.0018  -0.0077   0.1407  -0.0017   0.0714 
  0.0111   0.0029   0.0044   0.0028   0.0010   0.0021   0.0063   0.0017  -0.0056  -0.0240   0.0016   0.0018   0.0075   0.0026   0.0110   0.0030   0.0041   0.0004   0.0027   0.0018   0.0057  -0.0011   0.0077   0.0061   0.0022   0.0025   0.0169   0.0159   0.0084   0.0169  -0.6033   0.0150  -0.1074 
  0.0011   0.0029   0.0043   0.0028   0.0010  -0.0008   0.0045   0.0017   0.0025   0.0019  -0.0826   0.0001   0.0067   0.0024   0.0106   0.0026   0.0033   0.0007   0.0016   0.0012   0.0027   0.0017   0.0090   0.0068   0.0043   0.0027   0.0145   0.0127   0.0064   0.0121  -0.2103   0.0074  -0.0371 
  0.0108   0.0029   0.0044   0.0028   0.0010   0.0031   0.0061   0.0017  -0.0008   0.0017  -0.0012  -0.0648   0.0064   0.0026   0.0109   0.0029   0.0020   0.0007   0.0023   0.0008   0.0019   0.0010   0.0086   0.0069   0.0032   0.0027   0.0167   0.0157   0.0078   0.0150  -0.4210   0.0119  -0.0699 
  0.0034   0.0027   0.0028   0.0025   0.0005  -0.0017  -0.0047   0.0017   0.0002   0.0002  -0.0044  -0.0002  -0.2827  -0.0045  -0.0128   0.0019  -0.0055  -0.0002   0.0007   0.0004   0.0024   0.0034   0.0100   0.0050   0.0055   0.0023   0.0070  -0.0122  -0.0016  -0.0173   0.7814  -0.0217   0.1950 
  0.0096   0.0029   0.0042   0.0029   0.0008   0.0015   0.0039   0.0017   0.0023   0.0016   0.0008   0.0016  -0.0141  -0.1925   0.0082   0.0027   0.0022   0.0006   0.0024   0.0011   0.0053   0.0009   0.0083   0.0061   0.0018   0.0025   0.0102  -0.0042   0.0008  -0.0029   0.1252  -0.0013   0.0725 
  0.0031   0.0010   0.0032   0.0008  -0.0006  -0.0066  -0.0032   0.0017  -0.0060  -0.0080  -0.0008  -0.0015  -0.0012   0.0001  -0.2992   0.0013  -0.0111  -0.0017  -0.0009  -0.0023  -0.0001   0.0098   0.0138   0.0007   0.0092   0.0020  -0.0004  -0.0052  -0.0059  -0.0460   1.3195  -0.0380   0.2559 
  0.0087   0.0026   0.0031  -0.0464  -0.0003  -0.0028   0.0027   0.0017   0.0019   0.0007   0.0004   0.0010   0.0061   0.0018   0.0064  -0.0806   0.0028   0.0003   0.0006  -0.0008   0.0048   0.0096   0.0100   0.0056   0.0069   0.0025  -0.0295  -0.0060  -0.0116  -0.0089   0.9869  -0.0271   0.0889 
  0.0043   0.0025   0.0038   0.0027   0.0003  -0.0030  -0.0005   0.0017  -0.0028  -0.0024  -0.0001  -0.0014  -0.0001   0.0013  -0.0455   0.0022  -0.2420  -0.0009   0.0000  -0.0007   0.0016   0.0079   0.0122   0.0004   0.0081   0.0024   0.0054   0.0020  -0.0009  -0.0133   0.7612  -0.0199   0.1844 
  0.0108   0.0029   0.0044   0.0027   0.0010   0.0020   0.0051   0.0017   0.0008   0.0011   0.0017   0.0018   0.0071   0.0026   0.0107   0.0029   0.0032  -0.0444   0.0026   0.0017   0.0051  -0.0014   0.0076   0.0060   0.0020   0.0025   0.0167   0.0160   0.0083   0.0157  -0.5513   0.0142  -0.0935 
  0.0092   0.0027   0.0030   0.0030  -0.0017  -0.0082   0.0033   0.0017   0.0022   0.0017   0.0003   0.0013   0.0034   0.0023   0.0061   0.0023   0.0021   0.0006  -0.1850  -0.0006   0.0041   0.0050   0.0114   0.0062   0.0067   0.0027   0.0099   0.0138   0.0054   0.0063   0.2427  -0.0044   0.0610 
  0.0114   0.0021   0.0041   0.0028   0.0009   0.0024   0.0062   0.0017   0.0029   0.0022   0.0016   0.0018   0.0076   0.0026   0.0126   0.0029   0.0045   0.0008   0.0023  -0.0228   0.0053  -0.0005   0.0079   0.0063   0.0028   0.0027   0.0162   0.0156   0.0086   0.0171  -0.5818   0.0145  -0.1138 
  0.0057   0.0025   0.0039   0.0044   0.0007  -0.0178  -0.0020   0.0017   0.0021   0.0013  -0.0013  -0.0028   0.0041   0.0020   0.0047   0.0024  -0.0007   0.0001   0.0002  -0.0086  -0.3679   0.0239   0.0183  -0.0060   0.0166   0.0029   0.0077   0.0082   0.0012  -0.0037   1.3113  -0.0380   0.2584 
  0.0096   0.0026   0.0040   0.0056  -0.0001   0.0071   0.0033   0.0017   0.0019   0.0003   0.0004   0.0008   0.0059   0.0022   0.0106   0.0027  -0.0002   0.0002   0.0012  -0.0070  -0.0033  -0.3056  -0.0056   0.0069   0.0232   0.0034   0.0169   0.0164   0.0057   0.0217   1.6501  -0.0466   0.2154 
  0.0096   0.0027   0.0039   0.0031   0.0007  -0.0025   0.0041   0.0017   0.0023   0.0014   0.0001   0.0009   0.0037   0.0020   0.0061   0.0023  -0.0047   0.0005  -0.0010  -0.0038  -0.0087   0.0293  -0.3883  -0.0001   0.0241   0.0029  -0.0016   0.0051   0.0006  -0.0006   1.7161  -0.0487   0.2950 
  0.0111   0.0028   0.0044   0.0031   0.0010   0.0050   0.0059   0.0017   0.0024   0.0018   0.0015   0.0016   0.0072   0.0025   0.0107   0.0029   0.0007   0.0007   0.0020  -0.0001  -0.0023   0.0025   0.0052  -0.1001   0.0040   0.0030   0.0156   0.0144   0.0071   0.0105  -0.0975   0.0047  -0.0204 
  0.0104   0.0030   0.0041   0.0050   0.0012   0.0087   0.0050   0.0017   0.0014   0.0016   0.0007   0.0014   0.0025   0.0017   0.0085   0.0026  -0.0014   0.0006   0.0008  -0.0018  -0.0017   0.0336  -0.0053   0.0044  -0.4307   0.0034   0.0103   0.0176   0.0035   0.0077   1.8151  -0.0516   0.3142 
  0.0096   0.0028   0.0043   0.0026   0.0009   0.0011   0.0048   0.0017  -0.0010   0.0003   0.0001   0.0013   0.0006   0.0017  -0.0005   0.0024  -0.0043   0.0004   0.0015  -0.0008   0.0002   0.0038   0.0054   0.0068   0.0066  -0.2547   0.0128   0.0024   0.0001  -0.0153   0.5850  -0.0152   0.1485 
  0.0109   0.0029   0.0031   0.0016   0.0009   0.0010   0.0055   0.0017   0.0027   0.0018   0.0014   0.0018   0.0074   0.0023   0.0127   0.0024   0.0042   0.0007   0.0024   0.0010   0.0054   0.0012   0.0067   0.0057   0.0022   0.0026  -0.0337   0.0124   0.0062   0.0095  -0.3152   0.0098  -0.0621 
  0.0112   0.0029   0.0044   0.0028   0.0010   0.0020   0.0060   0.0017   0.0028   0.0021   0.0016   0.0018   0.0071   0.0023   0.0130   0.0029   0.0045   0.0007   0.0027   0.0016   0.0057   0.0008   0.0079   0.0060   0.0026   0.0025   0.0164  -0.0176   0.0069   0.0135  -0.4962   0.0133  -0.0856 
 -0.0017   0.0023   0.0022   0.0106  -0.0009  -0.0160  -0.0097   0.0017  -0.0016  -0.0053  -0.0031  -0.0026   0.0029  -0.0023   0.0084   0.0014   0.0007  -0.0012  -0.0009  -0.0059   0.0043   0.0306   0.0186  -0.0013   0.0160   0.0021  -0.0502  -0.1641  -0.3509  -0.0722   2.6669  -0.0766   0.4443 
 -0.3618   0.0028   0.0041   0.0022   0.0007  -0.0037  -0.0457   0.0017  -0.0007  -0.0005  -0.0044   0.0006   0.0006   0.0016  -0.0118   0.0004  -0.0005  -0.0007   0.0012   0.0008  -0.0002   0.0016   0.0073   0.0054   0.0047   0.0024   0.0072  -0.0011  -0.0299  -0.0256   1.1960  -0.0347   0.2885 
  0.0107  -0.2741   0.0037   0.0025   0.0008   0.0008   0.0057   0.0017   0.0027   0.0021   0.0013   0.0009   0.0071   0.0026   0.0039   0.0017   0.0026   0.0007   0.0015  -0.0203   0.0033  -0.0019   0.0094   0.0030   0.0053   0.0026   0.0145   0.0211   0.0043   0.0052   0.6673  -0.0178   0.1151 
  0.0097   0.0025  -0.3833   0.0012   0.0001   0.0012   0.0042   0.0017   0.0019   0.0016   0.0010   0.0014   0.0066   0.0023   0.0091   0.0007   0.0017   0.0006   0.0004  -0.0046   0.0017  -0.0118   0.0070   0.0052   0.0049   0.0026  -0.0488   0.0131  -0.0042  -0.0087   0.9673  -0.0269   0.2497 
  0.0086   0.0026   0.0028  -0.1131   0.0000  -0.0023   0.0024   0.0017   0.0018   0.0004   0.0002   0.0009   0.0066   0.0017   0.0099  -0.0003   0.0035   0.0002   0.0010  -0.0015   0.0057   0.0164   0.0104   0.0058   0.0100   0.0024  -0.0448  -0.0093  -0.0222  -0.0029   1.7031  -0.0488   0.1136 
  0.0110   0.0029   0.0038   0.0023  -0.0732   0.0001   0.0058   0.0017   0.0028   0.0020   0.0015   0.0019   0.0073   0.0024   0.0108   0.0019   0.0033   0.0007   0.0008   0.0008   0.0048  -0.0068   0.0077   0.0062   0.0036   0.0027   0.0139   0.0154   0.0063   0.0128  -0.2023   0.0070  -0.0434 
  0.0106   0.0029   0.0044   0.0030   0.0008  -0.0517   0.0059   0.0017   0.0028   0.0020  -0.0004   0.0019   0.0072   0.0025   0.0121   0.0027   0.0037   0.0007   0.0000   0.0010   0.0016   0.0035   0.0087   0.0079   0.0052   0.0026   0.0154   0.0146   0.0081   0.0134  -0.2811   0.0091  -0.0593 
 -0.0049   0.0029   0.0043   0.0027   0.0009   0.0018  -0.0233   0.0017   0.0027   0.0020   0.0014   0.0018   0.0053   0.0023   0.0109   0.0028   0.0032   0.0006   0.0020   0.0015   0.0034  -0.0013   0.0077   0.0060   0.0023   0.0026   0.0157   0.0143   0.0070   0.0134  -0.4782   0.0130  -0.0845 
 -0.0431   0.0028   0.0036   0.0030   0.0008  -0.0013  -0.0035  -0.1665   0.0015   0.0009   0.0001   0.0012  -0.0021  -0.0009   0.0020   0.0021   0.0001   0.0003   0.0019   0.0005   0.0036   0.0044   0.0085   0.0048   0.0044   0.0024   0.0048  -0.0075  -0.0114  -0.0917   1.1116  -0.0323   0.1713 
  0.0029   0.0028   0.0041   0.0026   0.0009   0.0017   0.0042   0.0017  -0.1623  -0.0215   0.0012  -0.0009   0.0057   0.0021  -0.0148   0.0025   0.0012  -0.0008   0.0018   0.0014   0.0050   0.0003   0.0087   0.0056   0.0035   0.0013   0.0130   0.0116   0.0018  -0.0077   0.1407  -0.0017   0.0714 
  0.0111   0.0029   0.0044   0.0028   0.0010   0.0021   0.0063   0.0017  -0.0056  -0.0240   0.0016   0.0018   0.0075   0.0026   0.0110   0.0030   0.0041   0.0004   0.0027   0.0018   0.0057  -0.0011   0.0077   0.0061   0.0022   0.0025   0.0169   0.0159   0.0084   0.0169  -0.6033   0.0150  -0.1074 
  0.0011   0.0029   0.0043   0.0028   0.0010  -0.0008   0.0045   0.0017   0.0025   0.0019  -0.0826   0.0001   0.0067   0.0024   0.0106   0.0026   0.0033   0.0007   0.0016   0.0012   0.0027   0.0017   0.0090   0.0068   0.0043   0.0027   0.0145   0.0127   0.0064   0.0121  -0.2103   0.0074  -0.0371 
  0.0108   0.0029   0.0044   0.0028   0.0010   0.0031   0.0061   0.0017  -0.0008   0.0017  -0.0012  -0.0648   0.0064   0.0026   0.0109   0.0029   0.0020   0.0007   0.0023   0.0008   0.0019   0.0010   0.0086   0.0069   0.0032   0.0027   0.0167   0.0157   0.0078   0.0150  -0.4210   0.0119  -0.0699 
  0.0034   0.0027   0.0028   0.0025   0.0005  -0.0017  -0.0047   0.0017   0.0002   0.0002  -0.0044  -0.0002  -0.2827  -0.0045  -0.0128   0.0019  -0.0055  -0.0002   0.0007   0.0004   0.0024   0.0034   0.0100   0.0050   0.0055   0.0023   0.0070  -0.0122  -0.0016  -0.0173   0.7814  -0.0217   0.1950 
  0.0096   0.0029   0.0042   0.0029   0.0008   0.0015   0.0039   0.0017   0.0023   0.0016   0.0008   0.0016  -0.0141  -0.1925   0.0082   0.0027   0.0022   0.0006   0.0024   0.0011   0.0053   0.0009   0.0083   0.0061   0.0018   0.0025   0.0102  -0.0042   0.0008  -0.0029   0.1252  -0.0013   0.0725 
  0.0031   0.0010   0.0032   0.0008  -0.0006  -0.0066  -0.0032   0.0017  -0.0060  -0.0080  -0.0008  -0.0015  -0.0012   0.0001  -0.2992   0.0013  -0.0111  -0.0017  -0.0009  -0.0023  -0.0001   0.0098   0.0138   0.0007   0.0092   0.0020  -0.0004  -0.0052  -0.0059  -0.0460   1.3195  -0.0380   0.2559 
  0.0087   0.0026   0.0031  -0.0464  -0.0003  -0.0028   0.0027   0.0017   0.0019   0.0007   0.0004   0.0010   0.0061   0.0018   0.0064  -0.0806   0.0028   0.0003   0.0006  -0.0008   0.0048   0.0096   0.0100   0.0056   0.0069   0.0025  -0.0295  -0.0060  -0.0116  -0.0089   0.9869  -0.0271   0.0889 
  0.0043   0.0025   0.0038   0.0027   0.0003  -0.0030  -0.0005   0.0017  -0.0028  -0.0024  -0.0001  -0.0014  -0.0001   0.0013  -0.0455   0.0022  -0.2420  -0.0009   0.0000  -0.0007   0.0016   0.0079   0.0122   0.0004   0.0081   0.0024   0.0054   0.0020  -0.0009  -0.0133   0.7612  -0.0199   0.1844 
  0.0108   0.0029   0.0044   0.0027   0.0010   0.0020   0.0051   0.0017   0.0008   0.0011   0.0017   0.0018   0.0071   0.0026   0.0107   0.0029   0.0032  -0.0444   0.0026   0.0017   0.0051  -0.0014   0.0076   0.0060   0.0020   0.0025   0.0167   0.0160   0.0083   0.0157  -0.5513   0.0142  -0.0935 
  0.0092   0.0027   0.0030   0.0030  -0.0017  -0.0082   0.0033   0.0017   0.0022   0.0017   0.0003   0.0013   0.0034   0.0023   0.0061   0.0023   0.0021   0.0006  -0.1850  -0.0006   0.0041   0.0050   0.0114   0.0062   0.0067   0.0027   0.0099   0.0138   0.0054   0.0063   0.2427  -0.0044   0.0610 
  0.0114   0.0021   0.0041   0.0028   0.0009   0.0024   0.0062   0.0017   0.0029   0.0022   0.0016   0.0018   0.0076   0.0026   0.0126   0.0029   0.0045   0.0008   0.0023  -0.0228   0.0053  -0.0005   0.0079   0.0063   0.0028   0.0027   0.0162   0.0156   0.0086   0.0171  -0.5818   0.0145  -0.1138 
  0.0057   0.0025   0.0039   0.0044   0.0007  -0.0178  -0.0020   0.0017   0.0021   0.0013  -0.0013  -0.0028   0.0041   0.0020   0.0047   0.0024  -0.0007   0.0001   0.0002  -0.0086  -0.3679   0.0239   0.0183  -0.0060   0.0166   0.0029   0.0077   0.0082   0.0012  -0.0037   1.3113  -0.0380   0.2584 
  0.0096   0.0026   0.0040   0.0056  -0.0001   0.0071   0.0033   0.0017   0.0019   0.0003   0.0004   0.0008   0.0059   0.0022   0.0106   0.0027  -0.0002   0.0002   0.0012  -0.0070  -0.0033  -0.3056  -0.0056   0.0069   0.0232   0.0034   0.0169   0.0164   0.0057   0.0217   1.6501  -0.0466   0.2154 
  0.0096   0.0027   0.0039   0.0031   0.0007  -0.0025   0.0041   0.0017   0.0023   0.0014   0.0001   0.0009   0.0037   0.0020   0.0061   0.0023  -0.0047   0.0005  -0.0010  -0.0038  -0.0087   0.0293  -0.3883  -0.0001   0.0241   0.0029  -0.0016   0.0051   0.0006  -0.0006   1.7161  -0.0487   0.2950 
  0.0111   0.0028   0.0044   0.0031   0.0010   0.0050   0.0059   0.0017   0.0024   0.0018   0.0015   0.0016   0.0072   0.0025   0.0107   0.0029   0.0007   0.0007   0.0020  -0.0001  -0.0023   0.0025   0.0052  -0.1001   0.0040   0.0030   0.0156   0.0144   0.0071   0.0105  -0.0975   0.0047  -0.0204 
  0.0104   0.0030   0.0041   0.0050   0.0012   0.0087   0.0050   0.0017   0.0014   0.0016   0.0007   0.0014   0.0025   0.0017   0.0085   0.0026  -0.0014   0.0006   0.0008  -0.0018  -0.0017   0.0336  -0.0053   0.0044  -0.4307   0.0034   0.0103   0.0176   0.0035   0.0077   1.8151  -0.0516   0.3142 
  0.0096   0.0028   0.0043   0.0026   0.0009   0.0011   0.0048   0.0017  -0.0010   0.0003   0.0001   0.0013   0.0006   0.0017  -0.0005   0.0024  -0.0043   0.0004   0.0015  -0.0008   0.0002   0.0038   0.0054   0.0068   0.0066  -0.2547   0.0128   0.0024   0.0001  -0.0153   0.5850  -0.0152   0.1485 
  0.0109   0.0029   0.0031   0.0016   0.0009   0.0010   0.0055   0.0017   0.0027   0.0018   0.0014   0.0018   0.0074   0.0023   0.0127   0.0024   0.0042   0.0007   0.0024   0.0010   0.0054   0.0012   0.0067   0.0057   0.0022   0.0026  -0.0337   0.0124   0.0062   0.0095  -0.3152   0.0098  -0.0621 
  0.0112   0.0029   0.0044   0.0028   0.0010   0.0020   0.0060   0.0017   0.0028   0.0021   0.0016   0.0018   0.0071   0.0023   0.0130   0.0029   0.0045   0.0007   0.0027   0.0016   0.0057   0.0008   0.0079   0.0060   0.0026   0.0025   0.0164  -0.0176   0.0069   0.0135  -0.4962   0.0133  -0.0856 
 -0.0017   0.0023   0.0022   0.0106  -0.0009  -0.0160  -0.0097   0.0017  -0.0016  -0.0053  -0.0031  -0.0026   0.0029  -0.0023   0.0084   0.0014   0.0007  -0.0012  -0.0009  -0.0059   0.0043   0.0306   0.0186  -0.0013   0.0160   0.0021  -0.0502  -0.1641  -0.3509  -0.0722   2.6669  -0.0766   0.4443 
  0.0016   0.0024   0.0028   0.0045  -0.0001  -0.0147  -0.0064   0.0017  -0.0012  -0.0035  -0.0019  -0.0016   0.0026  -0.0024   0.0059   0.0016  -0.0003  -0.0010  -0.0007  -0.0052   0.0041   0.0289   0.0172  -0.0021   0.0142   0.0019  -0.0418  -0.1022  -0.0281  -0.4880   2.2781  -0.0651   0.4657 
 -0.0115  -0.0029  -0.0044  -0.0028  -0.0010  -0.0024  -0.0064  -0.0017  -0.0030  -0.0022  -0.0017  -0.0019  -0.0077  -0.0027  -0.0134  -0.0031  -0.0048  -0.0008  -0.0028  -0.0018  -0.0059   0.0000  -0.0080  -0.0062  -0.0023  -0.0027  -0.0173  -0.0163  -0.0091  -0.0187   0.7774  -0.0160   0.1526 
 -0.0115  -0.0029  -0.0044  -0.0028  -0.0010  -0.0024  -0.0064  -0.0017  -0.0030  -0.0022  -0.0017  -0.0019  -0.0077  -0.0027  -0.0134  -0.0031  -0.0048  -0.0008  -0.0028  -0.0018  -0.0059   0.0000  -0.0080  -0.0062  -0.0023  -0.0027  -0.0173  -0.0163  -0.0091  -0.0187  -1.0385   0.0306   0.1526 
 -0.0431   0.0009   0.0015  -0.0125   0.0040   0.0147  -0.0781   0.0000   0.0009   0.0031  -0.0055   0.0053  -0.0041  -0.0008  -0.0033  -0.0005   0.0028  -0.0002  -0.0016   0.0031   0.0315   0.6161   0.0039   0.0145   0.0318  -0.0037   0.0159   0.0304   0.0168   0.0925   3.6026  -0.1149  -0.1019 
  0.0042  -0.0061   0.0004  -0.0048   0.0023   0.0486   0.0076   0.0000   0.0017   0.0040  -0.0063   0.0023   0.0020  -0.0001  -0.0008  -0.0004   0.0029   0.0014  -0.0067  -0.0547   0.0088   0.3943   0.0176   0.0112   0.0799  -0.0026   0.0127   0.0120   0.0136   0.0213   5.6621  -0.1866   0.1154 
  0.0075   0.0006  -0.0008   0.0521   0.0036   0.0430   0.0113   0.0000   0.0034   0.0058  -0.0026   0.0057   0.0031   0.0009   0.0030   0.0015   0.0053   0.0020  -0.0034  -0.0117   0.0123   0.5074   0.0101   0.0135  -0.0514  -0.0024   0.0165   0.0478   0.0381   0.1509   3.4168  -0.1113  -0.1646 
  0.0167   0.0019   0.0086   0.6179   0.0064   0.0441   0.0222   0.0000   0.0072   0.0092   0.0069   0.0069   0.0073   0.0046   0.0172   0.0193   0.0095   0.0029   0.0084   0.0138   0.0194   0.0389  -0.0090   0.0226   0.0107   0.0001   0.3431   0.1557   0.1828   0.1657  -2.0129   0.0634  -1.0086 
  0.0083   0.0010   0.0010   0.0017  -0.1093   0.0124   0.0121   0.0000   0.0040   0.0068   0.0038   0.0055   0.0039   0.0007   0.0021  -0.0011   0.0070   0.0024  -0.0041  -0.0010   0.0252   0.6744   0.0325   0.0218  -0.0237  -0.0027   0.0243   0.0392   0.0246   0.1030   3.1326  -0.0953  -0.2815 
  0.0113   0.0013   0.0022  -0.0037   0.0039   0.0384   0.0117   0.0000   0.0066   0.0035   0.0137   0.0088   0.0105   0.0028   0.0224   0.0019   0.0240   0.0014   0.0136   0.0091   0.0876   0.5836   0.2131   0.1113   0.1389   0.0045   0.0402   0.0701   0.0384   0.1892   6.4423  -0.1484  -0.8680 
 -0.0765   0.0009   0.0015  -0.0125   0.0037   0.0279  -0.1400   0.0000   0.0033   0.0067  -0.0015   0.0011  -0.0087  -0.0009  -0.0070  -0.0008  -0.0007  -0.0014  -0.0042   0.0006   0.0667   0.5227   0.0335   0.0161   0.0175  -0.0035   0.0232   0.0413   0.0189   0.1592   3.8629  -0.1131  -0.0343 
  0.0106   0.0009   0.0021  -0.0119   0.0037   0.0216   0.0150   0.0000   0.0118   0.0104   0.0009   0.0020   0.0056   0.0017   0.0072   0.0007   0.0088   0.0028   0.0006   0.0027   0.0261   0.4854   0.0768   0.0138   0.0960  -0.0034   0.0338   0.0504   0.0297   0.1754   2.0323  -0.0891  -0.4283 
  0.0066   0.0015   0.0023  -0.0174   0.0068   0.0268   0.0174   0.0000  -0.1133  -0.1886   0.0045  -0.0061   0.0043   0.0013  -0.0168   0.0004   0.0094  -0.0077   0.0044   0.0132   0.0447   1.0599   0.0456   0.0349  -0.0852  -0.0046   0.0130   0.0257   0.0213   0.0769   0.4194  -0.0009  -0.5781 
  0.0021   0.0008   0.0014  -0.0122   0.0039   0.0263   0.0126   0.0000  -0.1424  -0.4125  -0.0023  -0.0110   0.0001  -0.0005  -0.0330  -0.0006  -0.0036  -0.0039  -0.0016   0.0011   0.0526   0.5411   0.0786   0.0134  -0.0347  -0.0051   0.0186   0.0339   0.0153   0.1044   4.9051  -0.1229   0.3044 
 -0.0121   0.0010   0.0017  -0.0100   0.0042   0.0539   0.0086   0.0000   0.0024   0.0041  -0.1717  -0.0180   0.0038   0.0005   0.0049   0.0000   0.0098   0.0019   0.0022   0.0006   0.0981   0.6117   0.0919   0.0536   0.0092  -0.0003   0.0216   0.0325   0.0240   0.1335   4.9597  -0.1267  -0.3023 
  0.0105   0.0012   0.0023  -0.0128   0.0050   0.0717   0.0176   0.0000  -0.0088   0.0070  -0.0068  -0.2323   0.0027   0.0020   0.0038   0.0008   0.0062   0.0026   0.0040   0.0069   0.0810   0.7330   0.0973   0.0680  -0.0178   0.0016   0.0316   0.0592   0.0280   0.1582   3.2276  -0.0878  -0.5137 
  0.0023   0.0014   0.0027  -0.0151   0.0057   0.0279  -0.0011   0.0000   0.0057   0.0080   0.0058   0.0041   0.0034  -0.0029   0.0107   0.0011   0.0180   0.0015   0.0050   0.0089   0.0856   0.7953   0.0956   0.0371   0.0077  -0.0032   0.0408   0.0404   0.0364   0.2502  -0.0928  -0.0046  -0.8349 
  0.0045   0.0008   0.0015  -0.0109   0.0034   0.0274   0.0054   0.0000   0.0023   0.0041   0.0002  -0.0018  -0.0068  -0.0882   0.0065   0.0002   0.0221   0.0017   0.0013  -0.0002   0.0230   0.4873   0.1359   0.0234   0.0814  -0.0030   0.0210  -0.0122   0.0222   0.1405   3.4013  -0.1049  -0.2143 
  0.0050   0.0005   0.0022  -0.0121   0.0023   0.0488   0.0050   0.0000  -0.0036  -0.0135   0.0014   0.0027   0.0090   0.0021   0.0095   0.0011   0.0130  -0.0022   0.0024   0.0012   0.1166   0.3591   0.0565   0.0431   0.4840  -0.0029   0.0484   0.0572   0.0378   0.2527   1.1693  -0.0424  -0.7868 
  0.0122   0.0009   0.0018  -0.0140   0.0026   0.0334   0.0158   0.0000   0.0070   0.0071   0.0061   0.0087   0.0095   0.0025   0.0135   0.0004   0.0150   0.0023   0.0053  -0.0002   0.1995   0.4448   0.0444   0.0390   0.2955  -0.0030   0.0287   0.0649   0.0422   0.3076   0.3682  -0.0196  -0.8446 
  0.0047   0.0016   0.0025  -0.0161   0.0064   0.0417   0.0044   0.0000   0.0023  -0.0007   0.0058   0.0038   0.0062   0.0017   0.0085   0.0010   0.0081  -0.0020   0.0066   0.0113   0.0552   1.0961   0.0646   0.0483  -0.0646  -0.0020   0.0160   0.0253   0.0290   0.1269  -0.0280   0.0038  -0.9776 
  0.0037   0.0010   0.0019  -0.0140   0.0044   0.0273   0.0058   0.0000  -0.0312  -0.0356   0.0008  -0.0058  -0.0004   0.0009  -0.0202  -0.0003  -0.0060  -0.4252   0.0005   0.0031   0.0904   0.5911   0.0902   0.0221   0.0226  -0.0046   0.0274   0.0451   0.0240   0.1522   2.9040  -0.0695  -0.0626 
  0.0037   0.0009   0.0014  -0.0111   0.0034   0.0314   0.0027   0.0000   0.0047   0.0061   0.0043   0.0054   0.0040   0.0016   0.0074   0.0006   0.0130   0.0019  -0.0648  -0.0042   0.0466   0.7627   0.0820   0.0469  -0.0068  -0.0010   0.0201   0.0408   0.0271   0.1292   3.1494  -0.0874  -0.5650 
  0.0113  -0.0112  -0.0026  -0.0123   0.0051   0.0672   0.0143   0.0000   0.0089   0.0103   0.0082   0.0044   0.0086   0.0021   0.0075   0.0003   0.0196   0.0028   0.0031  -0.3670   0.0645   1.0102   0.1391   0.0725   0.0121   0.0001   0.0213   0.0604   0.0337   0.2002   2.7166  -0.0246  -0.7696 
  0.0050   0.0014   0.0026  -0.0110   0.0056   0.0601   0.0031   0.0000   0.0073   0.0089   0.0060   0.0019   0.0082   0.0030   0.0155   0.0016   0.0207   0.0017   0.0086   0.0085   0.0653   0.9036   0.1343   0.0643   0.0011   0.0002   0.0347   0.0612   0.0359   0.1978   1.8358  -0.0472  -1.0153 
  0.0150   0.0017   0.0032  -0.0072   0.0049   0.1063   0.0174   0.0000   0.0107   0.0074   0.0119   0.0140   0.0139   0.0051   0.0246   0.0029   0.0332   0.0024   0.0152   0.0212   0.0906   1.0590   0.2041   0.1188   0.0574   0.0015   0.0516   0.0931   0.0446   0.2470   2.5604  -0.0680  -1.5836 
  0.0149   0.0016   0.0030  -0.0132   0.0057   0.0916   0.0187   0.0000   0.0100   0.0105   0.0107   0.0106   0.0119   0.0039   0.0241   0.0022   0.0270   0.0031   0.0131   0.0165   0.0671   0.8471   0.2084   0.0896   0.0909  -0.0005   0.0454   0.0707   0.0408   0.2330   1.3393  -0.0362  -1.2620 
  0.0139   0.0014   0.0028  -0.0092   0.0050   0.1070   0.0176   0.0000   0.0126   0.0109   0.0059   0.0128   0.0099   0.0034   0.0173   0.0018   0.0189   0.0030   0.0077   0.0152   0.0581   0.7008   0.1494   0.0047   0.0702   0.0042   0.0488   0.0821   0.0385   0.2479   3.3139  -0.0908  -0.8979 
  0.0135   0.0013   0.0030  -0.0060   0.0039   0.1359   0.0160   0.0000   0.0094   0.0079   0.0073   0.0084   0.0137   0.0042   0.0265   0.0026   0.0282   0.0023   0.0119   0.0179   0.0736   0.5130   0.2763   0.1151   0.2984   0.0018   0.0645   0.0847   0.0428   0.2555   3.6721  -0.1071  -1.2055 
  0.0112   0.0012   0.0022  -0.0130   0.0047   0.0537   0.0160   0.0000   0.0030   0.0038   0.0036   0.0043   0.0062   0.0018   0.0094   0.0010   0.0147   0.0021   0.0043   0.0070   0.0565   0.6636   0.1063   0.0592  -0.0063  -0.0067   0.0305   0.0453   0.0298   0.1599   2.2663  -0.0784  -0.6201 
  0.0021   0.0009  -0.0034  -0.0098   0.0002   0.0556   0.0016   0.0000   0.0006  -0.0004  -0.0049   0.0013   0.0051  -0.0007   0.0322  -0.0020   0.0078   0.0002  -0.0035  -0.0116   0.0259  -0.0055   0.3326   0.0266   0.2434  -0.0014  -0.0975   0.0317   0.0231   0.1803   6.1320  -0.1694   0.1027 
 -0.0007   0.0003   0.0007  -0.0061   0.0016   0.0472  -0.0010   0.0000  -0.0007  -0.0016  -0.0064  -0.0099  -0.0036  -0.0050   0.0004  -0.0012   0.0013   0.0000  -0.0036  -0.0118   0.0376   0.2614   0.0838   0.0203   0.0164   0.0334   0.0149  -0.2672   0.0006   0.0619   9.0234  -0.2393   0.7085 
 -0.0073  -0.0001  -0.0004   0.0033  -0.0005   0.1118  -0.0111   0.0000  -0.0025  -0.0080  -0.0237  -0.0029  -0.0041  -0.0032  -0.0062  -0.0019  -0.0046  -0.0017  -0.0155  -0.0129  -0.0104   0.0459   0.0366   0.0158   0.0121   0.0034  -0.0047  -0.0643   0.0447   0.0432  11.3098  -0.3332   0.8981 
 -0.0034   0.0000   0.0000  -0.0055   0.0004   0.0518  -0.0076   0.0000  -0.0027  -0.0077  -0.0045  -0.0093   0.0031  -0.0016   0.0045  -0.0004   0.0067  -0.0019  -0.0011  -0.0108   0.0197   0.1485   0.0901   0.0355   0.3769   0.0213   0.0000  -0.0523   0.0169   0.1115   7.1752  -0.2017   0.0731 
